
Max flow at 46 32: 9.445002

Max flow at 44 0: 19.685638
1 0 0 1 0 0 0 0 0 1 0 0 1 1 0 1 0 0 1 1 0 
1 0 1 0 0 0 1 1 0 0 0 1 0 1 1 0 0 0 0 1 0 1 1 0 0 1 1 1 1 0 1 1 0 0 1 0 0 1 0 1 0 0 1 1 0 1 1 1 0 1 
0 0 0 1 0 1 1 0 1 1 1 0 1 0 0 1 1 1 1 0 1 0 0 0 1 0 0 1 1 1 0 0 1 1 0 1 1 0 1 0 1 1 0 0 1 0 0 0 1 0 
1 0 1 0 1 0 0 0 0 0 0 1 0 1 1 0 0 0 1 1 1 0 1 1 0 1 1 1 0 0 1 1 1 0 1 0 0 1 0 0 0 0 1 1 0 1 1 1 0 1 
0 1 1 0 0 1 1 1 1 1 1 0 1 1 0 1 0 1 0 0 0 1 0 0 1 0 0 0 1 1 0 0 0 1 0 1 1 0 1 1 1 1 0 0 1 0 0 0 1 0 
0 0 0 0 0 0 0 1 0 0 0 1 0 0 1 0 1 0 1 1 1 0 1 1 0 0 1 1 0 0 1 1 1 0 1 0 1 1 1 1 0 0 1 1 0 1 1 1 0 1 
1 1 1 0 1 0 0 0 1 1 1 0 0 0 0 1 0 0 1 0 0 1 1 1 0 1 0 1 1 0 0 0 0 0 0 0 1 1 0 1 1 0 0 0 1 0 0 0 0 0 
0 0 0 1 0 0 1 0 1 1 1 0 1 1 1 1 0 1 0 0 1 1 0 0 1 1 1 0 1 1 0 0 1 1 0 1 1 0 0 0 1 1 0 0 1 0 0 0 1 0 
1 0 0 0 0 1 0 1 0 0 0 1 0 1 0 0 1 1 1 1 1 0 1 0 1 0 0 1 0 0 1 1 0 0 1 0 0 1 0 1 0 1 1 1 0 0 1 1 1 1 
0 1 1 1 0 0 0 0 0 0 0 0 0 0 1 1 0 1 0 1 1 1 1 1 0 0 1 1 0 1 0 0 1 1 1 1 0 0 0 1 0 0 0 0 0 0 0 0 1 1 
0 0 0 1 1 0 1 0 0 0 0 1 1 1 0 0 1 1 0 1 1 0 1 0 1 0 0 1 1 1 0 0 1 1 0 1 0 0 1 1 1 0 0 0 0 1 1 1 1 0 
1 1 0 0 0 0 0 1 0 1 1 0 0 0 1 1 1 0 1 0 0 1 0 1 0 1 1 0 0 1 1 1 0 0 1 1 1 0 0 0 1 0 1 1 1 1 0 0 0 1 
0 0 1 0 1 1 0 0 1 1 1 0 0 1 1 0 0 0 0 1 0 0 0 1 1 0 0 1 0 0 0 0 0 1 0 0 0 1 0 0 0 1 1 0 1 1 1 0 0 0 
1 1 1 0 0 0 0 1 0 0 0 1 1 0 0 1 1 1 1 0 0 1 1 0 0 1 1 0 1 1 1 0 1 1 0 0 0 0 1 0 1 1 0 0 0 0 0 1 1 1 
0 0 0 1 1 0 1 1 0 0 1 1 1 1 0 0 0 1 1 1 1 0 0 0 0 0 0 1 1 0 1 0 1 0 0 1 0 1 1 1 1 1 0 1 0 0 1 1 0 0 
1 0 1 0 0 1 1 0 0 1 0 0 0 0 1 0 0 0 0 1 1 0 1 1 1 0 0 1 0 0 0 1 1 1 1 0 1 1 0 1 0 0 1 1 1 1 1 0 1 0 
0 0 1 1 0 1 1 0 1 0 1 0 0 1 0 1 0 0 1 1 0 0 0 1 0 1 0 0 1 1 0 1 1 0 1 1 0 0 0 1 0 0 0 0 1 0 1 0 0 0 
1 0 1 0 1 0 0 0 0 0 0 0 0 0 0 1 1 0 0 0 1 1 1 1 0 1 1 0 1 1 0 1 0 1 1 0 1 0 1 0 0 0 1 0 1 1 0 1 1 1 
0 1 0 0 0 1 0 0 1 1 0 0 0 1 1 0 0 1 0 0 0 1 1 0 1 0 1 1 1 0 1 1 1 1 0 0 0 1 1 0 1 1 1 1 0 1 0 0 1 0 
0 1 0 0 0 0 0 1 0 0 1 1 0 1 0 0 1 1 1 0 1 1 1 0 1 1 1 0 1 1 1 0 0 0 1 1 0 0 1 0 1 1 0 1 0 1 0 1 0 0 
1 1 0 1 0 1 1 1 1 1 1 1 1 0 1 0 0 0 0 1 0 0 0 1 0 0 0 1 0 0 0 0 1 0 0 1 1 1 0 1 0 1 1 0 0 0 1 0 1 1 
1 0 1 0 0 0 1 0 0 0 1 0 0 1 0 1 1 1 0 0 0 0 0 1 0 1 0 0 0 1 1 1 0 1 1 1 1 0 0 1 0 1 0 1 1 1 1 1 0 1 
0 1 1 0 1 1 0 0 0 0 0 0 1 0 1 0 1 0 1 1 1 1 0 0 1 0 1 0 1 0 0 1 0 0 1 0 0 0 1 0 1 0 0 0 1 1 1 0 1 0 
1 0 0 1 1 0 0 1 1 0 0 0 0 0 0 1 0 1 0 0 0 1 1 0 1 1 1 1 1 1 1 1 1 1 1 0 0 0 1 0 1 0 1 1 0 0 0 0 1 0 
0 1 0 0 0 0 1 1 0 1 1 1 0 0 1 1 1 0 0 0 1 0 0 0 0 1 0 1 0 1 1 0 0 1 0 1 1 1 0 1 0 1 0 1 0 1 1 1 0 1 
0 1 0 1 0 1 0 0 1 0 0 1 1 1 0 0 0 0 0 1 0 0 1 1 1 0 1 0 1 0 0 1 1 1 1 0 1 1 1 0 1 1 1 0 1 0 0 0 1 0 
1 0 1 0 1 0 0 0 0 1 0 0 0 1 1 1 1 1 1 0 0 0 0 0 0 1 0 1 1 1 1 1 1 0 0 1 0 0 0 1 0 0 1 1 0 1 0 1 1 1 
0 0 1 1 0 0 1 0 1 0 1 1 1 1 0 0 0 1 0 1 0 1 1 1 0 1 0 0 0 0 0 0 0 1 1 0 1 0 1 0 1 1 0 0 1 1 1 1 1 0 
0 0 0 0 1 1 1 1 0 0 1 0 0 1 1 0 0 1 1 1 0 1 0 0 0 0 1 0 0 0 0 0 0 0 0 0 1 1 0 1 0 1 0 1 0 0 1 0 0 0 
1 0 0 1 0 1 1 0 1 0 0 0 1 1 0 0 1 0 0 1 1 1 0 1 1 1 1 0 0 0 0 0 1 0 0 0 1 0 0 0 0 0 0 0 0 0 0 0 1 0 
0 1 0 0 1 0 1 0 0 1 0 1 0 0 1 1 0 1 1 0 0 0 1 0 0 1 0 0 0 0 0 1 0 0 0 1 0 0 0 1 0 0 1 1 1 0 0 0 0 1 
1 1 0 0 0 1 0 1 1 0 1 0 1 0 1 0 1 0 1 1 1 0 0 1 0 0 0 1 0 0 1 0 0 0 1 0 1 1 1 0 1 1 0 0 0 1 0 1 0 1 
1 0 1 0 1 0 0 1 0 1 0 1 0 1 0 0 0 0 0 0 0 0 1 0 1 1 0 0 1 0 1 1 0 0 1 0 0 1 1 1 1 1 1 1 1 0 1 1 0 1 
1 0 0 0 0 0 0 1 0 0 0 0 1 0 1 1 1 1 1 0 1 0 0 0 1 0 1 0 1 1 1 1 1 0 0 1 1 1 0 1 1 1 1 1 0 0 0 0 0 1 
0 1 1 1 1 1 0 0 1 1 0 0 0 1 0 1 1 0 0 0 1 1 0 0 1 1 0 1 0 0 1 0 1 1 0 1 0 0 0 1 0 0 0 1 1 1 1 0 1 0 
1 0 0 0 0 0 0 1 0 1 0 1 1 1 1 0 1 0 0 0 0 0 1 0 0 0 1 0 1 0 0 0 1 1 1 0 0 1 1 0 1 1 1 0 1 1 1 1 1 1 
1 1 1 1 1 1 1 0 1 1 0 1 0 0 0 0 0 1 0 1 0 1 0 1 1 1 0 0 0 1 1 0 0 0 0 0 0 0 1 0 1 0 0 0 1 1 1 0 0 1 
0 1 0 1 1 0 0 1 1 0 1 0 1 0 1 0 1 0 1 1 1 0 0 0 0 0 1 0 1 0 0 0 1 0 1 1 1 0 0 1 0 0 1 1 0 0 0 1 0 1 
0 1 1 1 0 0 0 0 0 1 0 0 1 0 0 0 0 0 1 0 0 0 1 1 1 1 1 1 0 1 1 1 0 1 1 1 0 1 0 1 1 0 0 1 0 0 1 1 1 0 
0 0 1 0 0 1 0 1 0 1 1 1 0 1 1 1 1 1 0 1 0 0 0 0 1 0 0 0 1 1 0 0 0 1 0 1 1 0 1 0 1 1 1 0 1 1 0 0 0 0 
1 0 0 1 0 0 1 0 1 1 1 1 1 0 0 1 1 0 1 0 1 0 1 1 0 1 1 1 0 0 0 1 0 0 0 0 0 0 0 1 0 1 0 0 0 0 1 0 1 0 0 1 0 0 0 0 0 1 0 1 0 0 1 0 1 1 1 0 1 0 1 0 1 0 0 1 1 1 
1 0 0 0 1 1 1 0 0 0 0 0 1 1 0 0 1 0 0 0 0 0 0 0 0 0 0 0 1 1 0 0 0 0 0 1 1 1 1 0 1 1 0 0 1 0 1 0 0 0 
0 0 0 0 0 0 0 1 0 0 0 0 0 0 1 0 0 0 1 0 0 0 0 0 1 1 1 1 1 1 0 0 1 1 0 0 1 1 1 0 0 0 0 0 0 0 1 1 1 0 
0 1 0 0 1 0 1 1 1 0 0 1 0 0 0 1 1 1 1 0 0 1 0 0 1 1 0 0 1 0 0 1 0 1 0 0 1 0 0 1 0 1 0 0 0 0 1 0 0 0 
0 0 0 0 0 0 0 1 0 0 1 0 0 0 0 1 0 0 1 0 1 0 0 0 1 0 1 0 0 0 0 1 0 0 1 1 1 0 0 0 0 1 1 0 0 1 1 1 0 0 
0 0 0 0 0 0 0 0 1 1 1 0 0 1 1 0 0 1 0 1 1 0 0 1 0 0 0 0 1 0 0 1 0 1 0 0 0 0 0 1 0 0 0 0 0 1 0 0 1 0 
0 0 0 0 0 0 0 0 0 1 0 0 0 1 1 0 0 0 0 0 0 0 0 0 1 0 1 0 1 0 0 1 0 1 0 0 1 0 1 1 0 1 0 1 1 0 0 1 1 0 
0 0 0 1 0 0 0 0 0 0 0 0 1 0 0 0 0 0 0 0 1 0 0 0 0 1 0 0 0 0 0 0 1 1 0 0 1 0 1 1 1 0 1 1 0 0 1 0 0 1 
0 1 0 0 0 1 0 0 0 0 1 0 0 0 0 1 1 0 0 1 0 0 1 1 1 0 0 0 0 1 0 0 1 0 1 1 1 0 1 0 0 1 1 0 0 1 1 0 1 0 
0 0 1 1 0 0 0 1 1 0 0 1 0 0 0 0 0 0 0 1 1 0 0 0 0 1 0 0 1 0 1 1 1 1 1 0 0 0 1 0 0 0 1 0 0 1 0 0 0 0 
0 0 0 0 1 0 0 0 0 0 0 0 0 0 1 0 1 1 0 0 0 0 0 1 1 0 0 1 1 0 0 1 0 1 1 0 1 1 1 1 1 0 0 0 1 1 0 1 0 1 
0 0 0 0 0 1 1 1 1 1 0 0 0 0 0 0 1 0 0 0 0 0 0 1 0 1 1 1 0 0 0 0 0 0 1 0 0 1 1 1 0 0 1 1 0 1 0 1 1 0 
0 0 1 0 1 1 0 0 0 0 1 0 0 0 0 1 0 0 0 1 0 0 0 1 0 1 0 0 0 0 0 0 1 1 0 1 0 0 0 1 0 0 1 0 0 0 0 0 0 1 
0 0 1 0 0 0 0 0 0 0 1 1 0 0 1 0 1 0 0 1 1 0 1 0 0 1 0 1 0 0 0 0 1 0 0 1 0 1 1 1 0 0 0 1 0 0 0 1 0 1 
0 0 0 1 0 0 1 0 0 1 0 1 0 0 0 1 1 0 0 0 0 0 1 1 0 1 1 0 0 1 0 0 1 0 0 0 0 0 0 0 1 1 1 1 0 1 0 1 1 0 
0 0 0 0 0 0 0 0 1 0 0 0 1 0 1 0 0 0 0 0 1 0 0 0 0 0 1 0 1 0 0 0 1 1 1 1 1 1 1 0 1 1 0 1 1 1 1 0 0 1 
0 1 0 0 0 0 0 0 0 0 1 0 1 1 0 1 0 0 1 0 0 1 1 0 0 0 1 1 0 0 1 0 0 0 1 0 0 0 0 0 0 0 0 1 0 0 1 1 1 0 
1 0 0 0 1 0 0 0 1 0 0 0 0 0 0 0 1 0 0 1 0 1 1 1 0 1 0 0 1 1 0 1 0 1 0 0 1 1 0 1 0 1 1 0 1 1 0 0 0 1 
1 0 0 1 0 0 0 1 1 0 0 0 1 1 0 0 1 1 0 1 0 1 0 0 0 0 0 0 0 0 1 1 1 0 1 1 1 0 0 0 0 1 0 0 1 1 0 0 0 1 
1 0 1 0 0 1 0 0 0 1 1 0 1 1 1 1 0 0 0 0 0 1 1 0 0 0 0 0 0 1 1 1 1 0 1 1 1 0 0 1 1 0 0 0 0 0 1 0 0 1 
0 1 1 1 0 0 0 0 1 0 1 1 1 1 0 0 0 1 0 0 0 0 0 1 1 1 1 0 1 0 1 1 0 1 1 0 0 0 1 1 0 0 1 0 0 0 0 0 0 1 
0 1 0 1 0 1 0 0 0 1 1 0 1 1 0 1 1 0 0 1 1 0 1 0 1 1 0 1 0 1 1 0 0 1 0 1 0 0 0 0 1 1 0 0 0 0 0 1 0 1 
1 1 0 1 0 1 0 0 0 0 1 0 1 1 1 0 1 1 0 1 1 0 0 0 0 0 0 0 0 1 0 1 1 0 0 0 1 1 0 0 0 0 0 0 0 0 1 1 1 0 
1 0 0 0 1 0 0 1 1 1 0 1 0 0 0 0 0 1 0 0 0 0 1 0 0 0 1 0 1 1 1 0 1 0 0 0 0 1 0 1 0 0 1 0 0 1 0 0 1 1 
0 0 0 0 0 0 1 0 0 0 0 1 0 0 1 0 0 1 0 1 1 0 0 1 0 0 0 1 1 0 1 1 1 0 0 1 0 1 0 0 1 0 0 1 1 1 1 0 1 0 
0 1 0 0 0 0 1 1 1 0 0 1 0 1 0 1 0 1 0 0 0 0 1 0 0 0 0 1 1 0 0 1 0 1 1 1 0 0 1 0 1 1 0 1 1 1 1 1 1 0 
1 0 0 0 0 1 1 0 0 1 1 0 0 0 0 1 0 1 1 0 0 1 1 1 1 0 0 0 0 1 0 0 0 0 0 1 0 1 0 0 1 0 0 0 0 0 1 1 0 0 
1 0 1 0 0 0 0 1 1 1 0 1 0 1 0 1 0 0 0 0 0 1 0 0 1 0 1 0 0 0 0 0 1 1 0 0 0 0 1 0 0 1 1 1 0 1 1 1 0 1 
0 1 1 0 1 1 1 1 0 1 0 1 1 0 0 0 0 0 0 1 0 0 0 0 0 0 0 1 0 1 1 0 0 1 0 0 1 1 0 1 1 0 1 0 1 0 1 0 0 0 
0 0 0 1 0 0 0 1 0 0 1 1 0 0 1 0 0 1 1 0 1 0 1 1 0 0 1 1 0 0 0 0 1 0 0 1 0 0 0 1 1 0 1 1 1 1 0 0 1 1 
0 0 0 0 0 0 1 0 0 0 1 1 0 0 0 0 1 1 1 0 0 1 0 1 1 1 1 0 1 1 0 0 0 0 1 1 1 0 1 0 0 0 0 1 0 1 1 1 0 1 
1 0 1 1 0 0 0 0 0 0 0 0 0 1 1 0 0 0 1 0 0 1 1 1 0 0 0 1 0 1 1 0 0 0 0 1 0 0 0 1 1 1 1 1 1 1 0 0 1 1 
0 1 1 1 0 0 1 0 1 0 0 1 0 0 0 0 0 0 0 1 0 0 0 1 0 0 0 1 1 1 1 1 0 0 0 1 1 1 0 0 1 1 0 0 1 1 0 1 1 0 
0 0 1 1 0 0 0 0 0 0 0 0 1 0 1 0 0 0 1 0 0 1 1 1 0 0 1 0 0 0 1 0 1 0 1 0 1 0 1 0 1 1 1 1 1 0 0 1 1 0 
0 1 0 0 1 0 0 1 0 0 0 0 1 0 0 0 1 0 0 0 0 1 1 1 1 1 0 1 1 0 1 0 0 0 0 1 0 1 1 1 1 1 1 1 0 0 0 1 1 1 
0 0 0 0 1 1 1 1 1 1 1 0 0 1 0 0 0 1 0 0 0 1 1 0 0 0 1 0 0 1 1 1 0 0 1 0 1 1 0 0 1 0 0 0 1 0 0 1 0 0 
0 0 1 1 1 0 0 0 0 1 0 1 1 0 0 1 0 1 1 1 1 1 1 1 0 0 0 1 0 0 1 1 0 0 0 1 0 1 1 0 0 0 0 1 0 0 0 1 1 0 
0 1 0 0 0 0 1 0 0 1 0 1 0 0 0 0 0 1 1 0 1 0 0 1 0 1 1 1 0 0 0 1 1 1 1 0 0 0 1 1 0 1 0 1 1 1 1 1 1 0 
1 1 0 0 0 0 0 0 1 0 0 1 0 1 1 0 1 1 1 0 0 0 0 0 0 1 0 1 0 1 0 0 1 0 1 1 1 1 0 0 1 0 1 0 1 1 1 0 0 1 
0 0 0 0 0 0 1 0 0 1 1 0 1 1 0 1 1 0 1 1 1 0 0 1 0 0 0 0 0 0 1 0 1 0 1 0 0 1 1 0 1 1 1 1 0 1 0 0 1 1 
0 1 1 0 1 0 1 0 1 0 0 0 0 0 1 1 0 0 1 0 1 0 0 1 0 0 1 1 0 0 0 0 1 1 1 0 1 1 0 1 0 1 0 1 1 0 0 0 1 0 
0 1 1 0 0 1 0 0 1 1 0 0 1 1 0 0 0 0 0 1 0 1 1 1 0 1 1 1 1 1 0 0 0 0 0 0 1 1 1 0 0 0 1 1 1 0 1 0 1 1 
0 0 0 1 0 0 1 1 0 0 0 1 1 0 1 0 0 0 1 1 0 0 1 0 1 0 0 1 1 0 1 1 1 1 1 0 0 1 0 0 1 0 0 0 1 1 1 1 0 0 
0 1 0 0 1 0 1 0 0 0 0 0 1 0 0 0 0 1 1 1 1 1 0 0 1 0 1 1 1 0 1 1 1 0 1 0 0 0 1 1 1 0 1 0 0 1 1 0 0 1 
1 0 0 1 0 0 1 0 0 1 1 0 0 0 1 1 1 0 0 1 1 1 0 0 1 0 0 0 0 1 1 1 0 0 1 1 0 0 0 1 0 1 1 1 0 0 1 1 0 1 
1 1 0 1 1 0 0 1 0 0 0 1 0 0 1 1 0 0 0 0 0 1 0 0 1 0 1 1 1 0 1 1 0 1 1 1 0 0 0 1 0 0 0 1 1 0 1 0 1 1 
0 0 1 1 1 1 0 0 0 0 0 1 1 0 0 0 1 0 0 0 1 0 0 0 0 1 0 1 1 1 1 0 0 1 1 1 1 1 1 1 1 1 0 0 1 1 0 0 1 0 
1 0 1 0 1 0 1 0 0 1 1 0 1 1 1 0 1 0 1 0 0 0 0 0 1 1 1 1 1 0 1 1 1 0 1 0 0 0 0 1 0 1 1 0 0 0 0 0 0 1 
0 0 0 1 1 1 0 0 0 1 0 0 1 1 0 1 0 1 1 0 1 0 1 0 0 0 1 0 1 1 1 1 0 0 0 1 1 0 0 1 0 1 1 1 0 0 1 1 0 1 
0 1 0 1 0 1 0 0 0 0 1 0 0 1 0 1 0 1 0 0 0 1 1 0 1 0 1 1 0 0 0 1 1 0 0 1 1 1 0 0 1 1 1 1 1 0 1 1 1 0 


0 0 1 0 0 0 0 0 0 0 0 1 0 1 0 1 0 0 1 1 1 1 
1 0 1 0 1 1 0 0 0 0 1 1 0 0 1 0 0 0 0 1 0 1 0 1 0 0 0 1 0 1 0 1 1 1 1 1 1 1 1 0 0 0 1 1 1 1 0 0 0 1 
0 1 0 1 0 0 1 1 0 1 0 0 1 0 0 0 1 1 1 0 0 0 0 1 1 0 1 0 0 1 1 1 0 0 0 1 1 1 1 1 1 0 0 0 0 0 1 1 1 1 
0 0 0 1 1 1 0 0 1 0 0 1 0 1 0 0 0 1 1 0 1 1 1 1 0 1 0 0 1 1 0 1 0 0 1 0 1 0 0 0 0 1 0 0 1 1 0 1 0 1 
1 1 1 0 0 0 1 1 0 1 1 0 1 0 1 1 0 1 1 0 0 0 0 0 1 0 1 1 0 0 1 1 1 1 0 1 0 1 1 0 0 0 1 0 0 0 1 1 0 0 
0 0 1 0 0 1 1 0 1 0 0 1 1 0 0 1 1 1 0 1 1 1 1 1 0 1 1 0 1 0 0 0 0 1 0 1 1 1 0 0 1 0 1 0 0 0 1 0 0 1 
0 1 0 1 1 0 0 0 1 1 1 1 0 0 1 0 0 0 0 0 0 1 0 0 1 1 0 0 1 1 1 1 1 0 0 0 0 0 1 1 0 1 0 1 1 1 0 0 1 1 
1 0 0 0 1 1 0 1 0 0 0 0 1 0 1 0 1 0 1 1 1 0 0 0 0 0 1 1 0 0 1 1 0 0 0 0 1 1 1 0 0 0 0 0 1 0 0 0 1 0 
0 1 1 1 0 1 0 0 1 1 1 1 1 1 0 0 0 0 0 0 1 0 1 1 0 1 1 0 0 0 0 0 0 0 1 1 0 0 0 1 1 1 1 1 0 0 1 1 0 0 
1 0 0 1 1 0 1 1 0 0 1 0 1 0 1 1 0 1 1 0 0 0 0 1 1 0 0 0 0 1 0 0 1 1 1 1 1 1 0 0 1 0 1 1 0 1 0 1 0 0 


